35 35
9 5 4
3 3 1 2 2 5
1 1 1 1 3 4 1 4
1 1 1 1 3 2 1 7
1 1 3 1 1 2 2 1 5
1 1 5 1 1 2 2 6
7 3 2 1 2 2
11 2 3 1 2
13 5 2 1
12 2 1
14 3 2
8 1 3 3
8 2 2 1 4
4 1 1 1 2 2
3 2 2 1
2 1 1 1
5 4 1 1
15 1
10 6 1
18 1 4
17 1 1 4 2
1 8 4 9 1
1 12 8 1
1 3 6 9 1
1 1 5 10 6
1 1 4 10 2 1
1 1 4 10 8
2 1 3 12 1 1
1 1 3 8 1 1
1 1 2 7 1 1
1 4 2 1 1
1 1 2 3
1 2 6 1
2 1 7 1
4 9
8 4
5 1 1 1 2 3 2
2 6 4 1
6 7 5 7 1
1 8 7 1 3
1 10 7 1 1
1 11 8 2
1 9 9
1 10 10
4 7 11
2 5 1 5 7
5 4 2 4 8
4 1 1 11
5 3 12 1
3 2 3 7 7
1 2 3 6 7
2 2 1 5 8
2 2 1 3 9
1 2 3 16
4 3 2 9
2 2 1 3 9
5 2 8
2 4 7
4 3 16
2 2 3 3 1 1
4 2 2 2 2
5 2 1 2 3
4 4 1 4 4
6 2 1 1 7
4 1 1 1 3
2 1 1 1 4
2 1 9
7 1 2
1 1
2